5.181167947000456
7.145102146110466
11.45748135441952
7.162027771842395
15.803480161098985
14.662037153237925
16.481709554444997
20.754020850379472
1.7631548972600637
15.63475881419655
7.6135545263649265
5.221974532102913
24.28404907329807
16.209735097509913
16.755620857339636
21.084095306138114
17.630672639516504
12.806315386596223
11.810201456726265
14.182749343851386
8.327807757088538
3.0165526459347722
2.8319610109253297
19.921716399806204
17.71325666176343
22.708942385288474
4.826030859239349
14.28537605214536
22.463780821378183
13.606259766115041
10.67255608432293
15.790363298998141
10.301902561357998
23.37424849638099
19.710751304849406
2.3474192336059714
4.417209031606014
6.522523423830739
23.023289377089224
9.635304905349726
7.45957165300952
15.378916415875949
23.022511120269158
3.219528498684304
22.181695949122748
15.436497727720141
3.3080474363532257
8.390194694705421
13.91124114625248
18.71963037721885
12.575440428801663
23.95703394556335
1.1003731062104642
0.46482030881056513
2.4037637919342685
13.41788874147854
23.67936145407218
11.427656389996274
4.546811937839376
18.34590898864906
18.672309115079074
23.349373694981864
6.420875183634623
3.2099038457967772
18.616621214818867
10.586073572118343
5.843233339594462
2.540284243813709
21.582638868928864
4.492392875899864
15.519811813705346
1.5098505183620077
0.47953250370223466
4.333095693430755
14.6913428086758
16.669796579808523
7.3410591013996935
2.270740152524642
20.850576164686295
7.1294503016992445
10.056021330641219
23.573358160377282
10.05564575577563
23.508394229305885
19.355385924920736
3.269270407738883
21.0452548209652
10.187530897534792
17.120182160123726
0.9343188470495811
23.644257543487903
7.200141764754897
8.28414396350021
9.606151787256312
1.47467957632009
11.963636924909709
0.779044551661448
7.511776066507991
17.223194862429246
17.14396370689462
23.96062398786692
20.260928413341947
16.652626720551197
3.625097019295848
18.955406263707737
3.7728053320419757
15.59324633553201
17.843236765011714
23.134083901122718
23.20060320030609
16.39266730024865
5.470180641420807
19.601577688987945
13.451587131399453
22.754536930046683
6.13269192243849
4.847116100906232
11.574902968808157
10.24773525740513
18.842863878407286
21.599086229678406
3.6806117970375056
12.413243610914538
9.922724827668695
7.1110327933637505
24.80246338090142
18.16079310679767
6.808629926383284
17.182017168821087
1.2846265245800181
7.568415219398935
2.7462738427411484
0.12592027981344067
7.346232447236642
14.611434543207617
7.136194387409112
2.0309417264509273
1.9800013299389323
22.82323618646928
16.916464738230943
7.451905765018524
11.53912757583038
14.262429164608688
13.523205277085184
5.628298934889175
3.774848957416638
1.3279961535484608
23.775461272129085
16.701318057815215
24.246174916248286
19.271648360437236
17.461002134565867
2.873510692382017
19.37900030617261
7.97172774591777
22.062609064180407
12.044102480466897
21.68413852870735
15.839133591505542
5.795040595670733
3.851045658206706
0.9994297587523238
19.261160164736943
13.23830982964847
20.582725363179556
13.979379389890129
17.879393395510846
24.048210238162003
17.423207598758378
5.340620352381226
6.3601708431255455
4.326239392783418
5.732860697113685
23.2880891570708
14.29246411278165
21.663300937513444
24.220739847034853
20.74911079639096
14.210720671226326
23.619541469017545
18.053777127565112
5.825283144841725
2.3973774259719747
22.163304142259395
13.32703473420945
21.066485791808187
12.874446803769024
16.678423880293938
1.034055808331391
23.25259465264956
14.909676286720355
0.7137713957684921
9.37710935335411
15.91437615010036
11.6229895772473
20.839534402027518
21.106867446617585
11.90996978737833
23.70716960733552
15.394253550908383
9.229921799802382
24.626636044835053
13.08136961128529
7.352425818907893
19.403472101047335
20.507843372494424
7.594319072828185
19.1885282434752
21.816701618384645
21.33287453349405
5.9987765413971665
1.9787473597135703
4.759737797535585
24.478213658804744
16.833651819187406
22.832048959076577
1.2495264158351422
2.9644348239673324
10.094285868383842
13.161781190228815
14.874636267831773
15.908731016875638
12.137352473844379
9.54833411994945
5.222003596604893
17.464391810956396
15.09395582590274
16.81111883083963
9.069966501088928
15.968299038334616
9.132225148869136
3.2855533256555605
12.807747347757676
20.242143203030334
2.4470923541916516
19.618916598130983
3.756000177336005
19.812753504176225
24.37423718463032
20.302270100395464
15.605246412853276
16.39920984561087
20.09154572563361
14.792458029267824
13.973761249817047
8.358825077977222
17.021994167005538
1.0815548088581122
1.4851747370072248
8.783933779817016
16.71924265291415
18.732035389934026
24.76950623584211
14.407499930738085
16.21992404153402
15.56057896231412
19.58464370269454
19.59172566602637
24.841203530766474
12.591719974806454
14.74367518513993
6.07336364396229
7.464930376722018
9.510663448544559
3.4039275544058083
0.013270094534562071
14.794013450570207
16.93748264182546
7.836521376348992
13.004377463118969
5.3704563846954105
16.444591035779148
19.00769516351066
14.683447242600975
16.840953402870117
7.8525838211882695
12.469102645541938
17.230557209010676
3.509094599068457
8.134504875363636
3.407346433261571
0.023264427812430544
23.026238637178654
6.991584393958009
21.045616117956726
16.145800684168595
13.014662270703898
12.144345160164274
14.470357490202797
20.675593938113014
3.414444980964154
2.1429321621599664
18.153824339243698
1.0345294321019578
5.195124567103648
12.874464524905832
22.009168489602377
9.97000173725803
9.487792891773358
17.691951081463895
8.188451652722803
18.464063621463886
17.076901822642608
19.69519692647025
11.762982437098959
11.524364107026116
14.105382952138143
23.84905606762423
9.248226104447689
3.7017836948770255
9.818726136532979
17.593817346034662
17.317078018476693
12.115561854881399
14.673961375151826
4.529481268517693
19.87259232405816
9.29443312318761
0.18271412768159634
19.859925464105082
0.23914845987973443
23.12781906250095
0.04264823814616736
13.340868024881988
19.735525272597865
7.0576428854495665
11.186870393731246
24.084893481673394
20.141445706534803
15.145883649530434
3.5020835975756754
23.615952399282385
8.912342301034437
8.835410313552853
16.29046081373984
1.2068360033751087
16.628146870515913
21.82791508713669
9.789429406735675
9.704114598864471
8.393828101630307
18.858731618365674
18.5043162246278
3.531473752932482
20.430747216455945
18.915929385115284
3.358155390011308
14.151073410508294
6.668866583202007
3.441682624584441
10.460082915328506
16.27589198371072
12.488149634853402
3.3462608077613503
15.144637337090321
16.801690024991302
22.24677149786435
22.102182257597192
4.587020055937852
16.694133059083438
9.11355378839611
8.492131557602049
21.365264458445278
20.254465124328703
8.62226651662397
13.004782412145872
0.25800413516644805
17.31388482478935
4.318735448134434
17.861774404325377
21.708220053149525
16.869737410729073
16.881344925332456
0.5245380435509928
18.994788311069595
13.650075233698722
3.801686219256875
3.923585695169238
11.812404572930294
17.212637395614802
4.308719245869963
22.83311248169778
14.640862963232879
22.100128763848954
16.05098791823652
0.029803546685894244
22.49498396927555
7.873848322964591
15.655474795253571
1.3579212297908287
13.533360119433269
17.467544568923017
0.16819077163425789
4.752217758173188
0.7999468737577398
14.048927624556553
22.756422454333265
22.050227029861144
14.151452286915184
15.798462332366833
10.365851924236877
18.079086271037756
8.044120876450805
2.611072963888883
23.35275692640894
17.919375510076225
13.94055106572145
0.5077856899324051
3.2724547515826123
11.046519816666175
17.274468573862322
8.55775276576114
11.686086888538508
11.513730718932672
22.418391182421882
10.115263853031301
1.182807375475886
16.864079218390984
8.229174397823542
7.420014264307817
9.695209631372915
14.854584556121683
22.66127209298863
10.330566875623715
13.618103998743173
20.201874231614692
4.750441874040062
7.336518160196196
13.118929882757941
15.437353093392328
1.1069939992980364
7.18582674647732
16.812514917997305
17.095505750367828
8.918732842596011
23.208451023543663
10.231572834869521
1.9901247462305705
13.125638083945221
15.730535490792303
12.36456177564252
19.403435077027975
15.091193676808842
10.994938705011167
21.709695160127467
5.7879197669556595
1.1903195023699937
7.65774762053206
23.26214925793161
23.136229910478434
16.093242706505624
10.747032302589844
22.418078587349154
23.0388655331209
20.20198172760855
13.140708773717394
11.067996488741796
13.385122212956874
19.36572512966956
20.587685189544707
21.682047893304738
8.777228602207321
19.000064035636214
5.205446406595615
7.687606693589374
3.515419826931315
16.580904163740797
5.324966691582028
22.1606319012224
23.399502379558452
19.052973232267437
16.178462164507685
17.269830007987512
5.454233379931662
18.367028671937906
19.26363450114159
8.547773319083815
21.217099465982603
23.08304964608026
1.2211933002010262
19.424150404198144
5.374914892897564
17.765481433441295
21.656552646177108
2.6994749636049336
20.107525999074532
7.398406885105638
8.938582628321823
21.930207490510618
8.146729980299247
24.839334801388727
19.50709135967122
21.310936414952195
14.786412896929082
12.996788565609327
1.3768434556781366
23.58203010488259
14.047816910387583
14.694263108977527
16.231220936320383
21.086081064910587
23.40546944444461
13.313249759280746
5.959803324374499
2.766813861257131
6.753104240768695
6.858881878014819
11.97354138573687
7.459316158163115
12.619419255782075
11.002840128760605
5.637027842431638
17.03641860892394
20.275649654232016
7.8979613505382185
12.905006484341047
15.833098538308949
9.75117224807904
19.288724473126955
8.972837006858745
9.910998501405297
22.357214516974697
14.033760897001649
2.9505231396307035
22.55853766351441
10.657138876177616
7.919964345859046
18.966653208357425
19.0194975316794
17.937774029875385
13.159647757457494
18.53733403679225
23.282149001099164
18.405561740653496
12.311037953089384
24.755809422749692
13.369024861307931
13.731449043103902
22.357748542097962
21.68240203867498
8.739077888199695
20.631761972481698
8.588505802985013
17.258191225462692
14.509669645223155
8.313249087737695
0.34044264181152806
11.96947307254301
13.585304862845838
20.90048229059623
22.321860258022884
20.26407049751818
20.087746581318196
16.39259165796733
12.303317482043536
13.177650137886552
3.0089096303703933
9.642782952985844
1.57246742725681
9.177583104365722
0.2881796995698904
3.8575251200969496
13.666753433284764
18.205843046209473
15.404525937896421
10.700121044575765
9.20840981799639
3.0309621235943744
10.049445596140474
10.916841497003796
14.36447192892146
22.83842774018957
24.25535834320906
24.26279794718672
12.5802091306304
13.04046074132747
9.419113481605018
14.372180372819335
8.573722702190295
10.734460658729153
2.7230139083053717
11.550938661012356
10.027664638820488
4.487708915323682
21.174805611137884
0.04405030739278448
24.22625459119333
0.3203606471273768
24.35287494286224
8.802826076712932
6.311528434648716
13.492401485406152
16.977257257341382
17.602478814744664
24.175112873898186
3.720226748609201
11.630248535195545
3.6416892622886996
19.384968643126214
21.713396384912194
11.27080322185905
13.759465194165982
12.758810732250774
3.2407962853231718
0.4738687662732305
20.390747765386834
20.880608402314543
15.779717322380563
12.095020389804295
24.52917141126825
2.0793828687789673
13.28323407647917
6.891447754731583
0.6353326965937461
3.1388397304116773
22.134950754999203
21.639762757040835
5.697202936784674
9.120910600299807
18.52659145060548
15.856514787448619
10.54416678785111
11.89833611811933
15.991211678711345
22.04640657931529
